9788934972464
9788956600338
9788937432668
9788959406340
9788962630619
9788932909349
9788937484377
9788996812708
9788934941439
9788976821058
9788976964069
9788996218333
9788994006451
9788971847244
9788983717467
9788956991573
9791185035369
9788936471897
9788983717733
9788983718648
9788936472634
9788936474416
9788997975006
9788936474423
9788954637756
9791188248124
9788954646079
9788936433871
9788936436902
9788937460449
9788937460777
9788937460708
9791186805114
9791187038092
9791186036273
9791185121147
9788982819278
9788932018041
9788997969241
9788997969142
9788976823465
9788976823045
9788976829306
9788976821065
9788936471187
9788932471631
9788952717573
9788937424755
9788995995204
9788939206106
9788991799806
9791196250515
9791186900345
9788927806615
9788996187424
9788934919919
9788983711601
9788984318755
9788970127248
9788937834790
9788937833663
9788932022888
9788936471002
9788908061095
9788932015972
9788937463433
9791195677153
9791160560367
9788962621952
9791185152516
9788998614102
9788971996775
9788996217527
9791156120872
9788927806349
9788956057842
9788937460678
9788965961956
9788937473135
9791170281719
9788993166408
9788983715807
9791159920967
9788960512870
9788974838225
9791185152486
9788994054278
9788971996096
9791195677139
9788994120997
9788994120966
9791195677108
9788937473074
9788952206145
9791186661208
9788932027838
9788937460470
9788937461033
9788937460753